{
"P0": [
 [0.08254349496895784, 0.0051781202124769376, -0.006765461022345813, 0.004521669889610266, -0.0012912656295928414, 0.01290772552817652],
 [0.0051781202124769376, 0.3447045881153518, 0.00477611686364101, 0.005209946098130898, -0.0014279892076250762, -0.006183376191816409], 
 [-0.006765461022345813, 0.00477611686364101, 0.7181387325450752, -0.005771555937103782, 0.002418177709813131, -0.030592858968836695], 
 [0.004521669889610266, 0.005209946098130898, -0.005771555937103782, 0.3250323535479533, 0.0003957635733503096, 0.021648747635044693], 
 [-0.0012912656295928414, -0.0014279892076250762, 0.002418177709813131, 0.0003957635733503096, 0.312968285394932, -0.00020080449606581772], 
 [0.01290772552817652, -0.006183376191816409, -0.030592858968836695, 0.021648747635044693, -0.00020080449606581772, 0.3957283533543293]
 ], 
 "deltaT": 0.01605313728595602, 
 "airDrag": [0.6000058784844773, 0.5999676724849288, 0.0999978267480185], 
 "bounce_obs_noise": [
 [0.0002910358815881267, -0.0004889519080891173, 5.069271161890008e-05],
 [-0.0004889519080891173, 0.0009490498438149686, -3.0929954696594235e-05], 
 [5.069271161890008e-05, -3.0929954696594235e-05, 0.00011401798572045081]
 ], 
 "bounce_trans_noise": [
 [2.3927756364918508e-06, -1.866575528459041e-09, 6.023128731008215e-07, 3.1900781439837146e-08, -7.066163354630197e-07, -9.540717205082103e-09], 
 [-1.866575528459041e-09, 9.77114237495141e-07, -1.3434963533344462e-08, 3.6513850356083467e-09, -4.185128744858617e-09, -6.527384294352695e-10], 
 [6.023128731008215e-07, -1.3434963533344462e-08, 1.4194308511766522e-06, 1.2131359488936385e-08, -3.3499666046166824e-07, -4.428658133142485e-09], 
 [3.1900781439837146e-08, 3.6513850356083467e-09, 1.2131359488936385e-08, 9.765011713214702e-07, -2.0381600257904537e-08, -1.0151062697623505e-09], 
 [-7.066163354630197e-07, -4.185128744858617e-09, -3.3499666046166824e-07, -2.0381600257904537e-08, 2.6777840720420936e-06, 2.4551227693285637e-08], 
 [-9.540717205082103e-09, -6.527384294352695e-10, -4.428658133142485e-09, -1.0151062697623505e-09, 2.4551227693285637e-08, 9.746935758608212e-07]
 ], 
 "mu_0": [0.3649180487887353, -1.8716492085881542, -3.1168629093556848, 4.729332309664097, -0.31548749663395603, 0.15215299547138458], 
 "gravety": -9.8, 
 "fly_obs_noise": [
 [0.0002910358815881267, -0.0004889519080891173, 5.069271161890008e-05], 
 [-0.0004889519080891173, 0.0009490498438149686, -3.0929954696594235e-05], 
 [5.069271161890008e-05, -3.0929954696594235e-05, 0.00011401798572045081]
 ], 
 "fly_trans_noise": [
 [2.3927756364918508e-06, -1.866575528459041e-09, 6.023128731008215e-07, 3.1900781439837146e-08, -7.066163354630197e-07, -9.540717205082103e-09], 
 [-1.866575528459041e-09, 9.77114237495141e-07, -1.3434963533344462e-08, 3.6513850356083467e-09, -4.185128744858617e-09, -6.527384294352695e-10], 
 [6.023128731008215e-07, -1.3434963533344462e-08, 1.4194308511766522e-06, 1.2131359488936385e-08, -3.3499666046166824e-07, -4.428658133142485e-09], 
 [3.1900781439837146e-08, 3.6513850356083467e-09, 1.2131359488936385e-08, 9.765011713214702e-07, -2.0381600257904537e-08, -1.0151062697623505e-09], 
 [-7.066163354630197e-07, -4.185128744858617e-09, -3.3499666046166824e-07, -2.0381600257904537e-08, 2.6777840720420936e-06, 2.4551227693285637e-08], 
 [-9.540717205082103e-09, -6.527384294352695e-10, -4.428658133142485e-09, -1.0151062697623505e-09, 2.4551227693285637e-08, 9.746935758608212e-07]
 ], 
 "model": "LGBM1", 
 "bounceFac": [0.9000085232134629, 0.9000939332765956, 0.7999975313461135]
}
